%YAML:1.0
---
mtx: !!opencv-matrix
   rows: 3
   cols: 3
   dt: d
   data: [ 1404.265902713111, 0, 612.0247734569582, 0, 1401.647060580191, 347.5779349704512, 0, 0, 1 ]
dist: !!opencv-matrix
   rows: 1
   cols: 5
   dt: d
   data: [ -0.4517348899353255, 0.01589573728540779, -0.005007334076107961, -0.003245932252887637, 0]